3244573 2141698 1029465 2058930 36811 1102883 428 410396 294753 167180 35800
3244546 2141671 1029465 2058930 36811 1102883 428 410396 294753 167180 35800
3244500 2141625 1029465 2058930 36811 1102883 428 410396 294753 167180 35800
Core 0 (first C file)
6706541 2259751 4295163 8590326 331853 4446798 564 764205 311588 175242 43498
6706541 2259751 4295163 8590326 331853 4446798 564 764205 311588 175242 43498
6706530 2259740 4295163 8590326 331853 4446798 564 764205 311588 175242 43498
CORE 0 (second C file)
9573427 3157074 6111102 12222204 1242040 6416361 1075 1140321 372005 423142 64634
9573400 3157047 6111102 12222204 1242040 6416361 1075 1140321 372005 423142 64634
9573453 3157100 6111102 12222204 1242040 6416361 1075 1140321 372005 423142 64634
CORE 0 (third C file)
9666324 3203796 6155393 12310786 1250750 6462536 1146 1145052 376138 431927 73061
9666297 3203769 6155393 12310786 1250750 6462536 1146 1145052 376138 431927 73061
9666350 3203822 6155393 12310786 1250750 6462536 1146 1145052 376138 431927 73061
Core 0 (fourth C file)
