3309169 2230870 1013081 2026162 36811 1078307 428 410396 294753 158988 27637
3309069 2230770 1013081 2026162 36811 1078307 428 410396 294753 158988 27637
3309073 2230774 1013081 2026162 36811 1078307 428 410396 294753 158988 27637
Core 0 (first C file)
6771064 2348850 4278779 8557558 331853 4422222 564 764205 311588 167050 35335
6771064 2348850 4278779 8557558 331853 4422222 564 764205 311588 167050 35335
6771068 2348854 4278779 8557558 331853 4422222 564 764205 311588 167050 35335
CORE 0 (second C file)
9638335 3246558 6094718 12189436 1242040 6391785 1075 1140321 372022 414950 56491
9638235 3246458 6094718 12189436 1242040 6391785 1075 1140321 372022 414950 56491
9638239 3246462 6094718 12189436 1242040 6391785 1075 1140321 372022 414950 56491
CORE 0 (third C file)
209218 139164 60014 120028 8632 70062 401 4695 4138 16891 16633
209224 139170 60014 120028 8632 70062 401 4695 4138 16891 16633
209228 139174 60014 120028 8632 70062 401 4695 4138 16891 16633
Core 1 (first C file)



CORE 1 (second C file)



CORE 1 (third C file)
