3779096 341221 3328194 6656388 294979 3437883 465 353778 16836 39491 39235
3779110 341235 3328194 6656388 294979 3437883 465 353778 16836 39491 39235
3779680 341805 3328194 6656388 294979 3437883 465 353778 16836 39491 39231
Core 0 (first C file)
3872029 388009 3372460 6744920 303746 3484028 538 358534 20971 48288 47667
3872029 388009 3372460 6744920 303746 3484028 538 358534 20971 48288 47667
3872599 388579 3372460 6744920 303746 3484028 538 358534 20971 48288 47663
CORE 0 (second C file)
6738787 1285328 5188279 10376558 1213882 5453467 1049 734629 81401 296161 68794
6738801 1285342 5188279 10376558 1213882 5453467 1049 734629 81401 296161 68794
6739371 1285912 5188279 10376558 1213882 5453467 1049 734629 81401 296161 68790
CORE 0 (third C file)
3317865 2309586 966366 1932732 36793 1008287 427 410390 298002 135671 4343
3317879 2309600 966366 1932732 36793 1008287 427 410390 298002 135671 4343
3318173 2309894 966366 1932732 36793 1008287 427 410390 298002 135671 4343
Core 1 (first C file)



CORE 1 (second C file)



CORE 1 (third C file)
