254739 184685 60014 120028 8632 70062 401 4695 4138 16891 16684
254624 184570 60014 120028 8632 70062 401 4695 4138 16891 16685
254758 184704 60014 120028 8632 70062 401 4695 4138 16891 16684
Core 0 (first C file)



CORE 0 (second C file)



CORE 0 (third C file)
3642214 286638 3273293 6546586 294961 3355584 464 353772 19966 12081 11855
3641667 286091 3273293 6546586 294961 3355584 464 353772 19966 12081 11857
3642080 286504 3273293 6546586 294961 3355584 464 353772 19966 12081 11855
Core 1 (first C file)



CORE 1 (second C file)



CORE 1 (third C file)
3416521 2350540 1004863 2009726 36808 1065989 428 410395 294753 154886 23545
3416419 2350438 1004863 2009726 36808 1065989 428 410395 294753 154886 23540
3416387 2350406 1004863 2009726 36808 1065989 428 410395 294753 154886 23545
Core 2 (first C file)
6285626 3250195 2820691 5641382 946929 3035439 943 786483 355244 402756 44587
6285626 3250195 2820691 5641382 946929 3035439 943 786483 355244 402756 44587
6285315 3249884 2820691 5641382 946929 3035439 943 786483 355244 402756 44592
CORE 2 (second C file)



CORE 2 (third C file)
