414006 286249 98512 197024 8647 127765 402 4700 4134 36106 35875
413890 286133 98512 197024 8647 127765 402 4700 4134 36106 35871
414014 286257 98512 197024 8647 127765 402 4700 4134 36106 35876
Core 0 (first C file)
4212601 2115608 1914138 3828276 918753 2097001 917 380785 64626 283949 56994
4212601 2115608 1914138 3828276 918753 2097001 917 380785 64626 283949 56994
4212463 2115470 1914138 3828276 918753 2097001 917 380785 64626 283949 56997
CORE 0 (second C file)



CORE 0 (third C file)
4408516 3400237 966366 1932732 36793 1008287 427 410390 298002 135671 4374
4408400 3400121 966366 1932732 36793 1008287 427 410390 298002 135671 4374
4408262 3399983 966366 1932732 36793 1008287 427 410390 298002 135671 4374
Core 1 (first C file)



CORE 1 (second C file)



CORE 1 (third C file)
3704807 349231 3273293 6546586 294961 3355584 464 353772 19966 12081 11868
3704691 349115 3273293 6546586 294961 3355584 464 353772 19966 12081 11868
3704553 348977 3273293 6546586 294961 3355584 464 353772 19966 12081 11868
Core 2 (first C file)



CORE 2 (second C file)



CORE 2 (third C file)
