3354441 2263884 1021247 2042494 36808 1090565 428 410395 294763 163078 31703
3354402 2263845 1021247 2042494 36808 1090565 428 410395 294763 163078 31704
3354393 2263836 1021247 2042494 36808 1090565 428 410395 294763 163078 31704
Core 0 (first C file)
3448377 2311726 1065461 2130922 45518 1136659 501 415126 298901 171854 40130
3448377 2311726 1065461 2130922 45518 1136659 501 415126 298901 171854 40130
3448368 2311717 1065461 2130922 45518 1136659 501 415126 298901 171854 40130
CORE 0 (second C file)
6317430 3211299 2881319 5762638 955660 3106139 1012 791223 359370 419733 61164
6317391 3211260 2881319 5762638 955660 3106139 1012 791223 359370 419733 61165
6317382 3211251 2881319 5762638 955660 3106139 1012 791223 359370 419733 61165
CORE 0 (third C file)
3601829 246253 3273293 6546586 294961 3355584 464 353772 19966 12081 11814
3601790 246214 3273293 6546586 294961 3355584 464 353772 19966 12081 11814
3601781 246205 3273293 6546586 294961 3355584 464 353772 19966 12081 11814
Core 1 (first C file)



CORE 1 (second C file)



CORE 1 (third C file)
