4436670 3428391 966366 1932732 36793 1008287 427 410390 298002 135671 4385
4437662 3429383 966366 1932732 36793 1008287 427 410390 298002 135671 4385
4437149 3428870 966366 1932732 36793 1008287 427 410390 298002 135671 4385
 
3749841 394265 3273293 6546586 294961 3355584 464 353772 19966 12081 11872
3749432 393856 3273293 6546586 294961 3355584 464 353772 19966 12081 11869
3749492 393916 3273293 6546586 294961 3355584 464 353772 19966 12081 11867
 
4112938 2086422 1853722 3707444 910055 2026524 845 376056 60492 267005 40314
4113558 2087042 1853722 3707444 910055 2026524 845 376056 60492 267005 40313
4113022 2086506 1853722 3707444 910055 2026524 845 376056 60492 267005 40317
 
357996 287900 60054 120108 8638 70104 404 4697 4138 16897 16691
358316 288220 60054 120108 8638 70104 404 4697 4138 16897 16691
357883 287787 60054 120108 8638 70104 404 4697 4138 16897 16691
 
