3811861 431607 3289774 6579548 294976 3380262 465 353777 19970 20288 20068
3811897 431643 3289774 6579548 294976 3380262 465 353777 19970 20288 20068
3811850 431596 3289774 6579548 294976 3380262 465 353777 19970 20288 20068
Core 0 (first C file)
4021251 594852 3334040 6668080 303743 3426407 538 358533 24112 29085 28632
4021251 594852 3334040 6668080 303743 3426407 538 358533 24112 29085 28632
4021204 594805 3334040 6668080 303743 3426407 538 358533 24112 29085 28632
CORE 0 (second C file)



CORE 0 (third C file)
4429690 3421411 966366 1932732 36793 1008287 427 410390 298002 135671 4385
4429726 3421447 966366 1932732 36793 1008287 427 410390 298002 135671 4385
4429679 3421400 966366 1932732 36793 1008287 427 410390 298002 135671 4385
Core 1 (first C file)



CORE 1 (second C file)



CORE 1 (third C file)
4094783 2068267 1853722 3707444 910055 2026524 845 376056 60492 267005 40303
4094819 2068303 1853722 3707444 910055 2026524 845 376056 60492 267005 40303
4094772 2068256 1853722 3707444 910055 2026524 845 376056 60492 267005 40303
Core 2 (first C file)



CORE 2 (second C file)



CORE 2 (third C file)
