4228724 3183491 991025 1982050 36805 1045241 428 410394 294753 147974 16638
4228697 3183464 991025 1982050 36805 1045241 428 410394 294753 147974 16638
4228719 3183486 991025 1982050 36805 1045241 428 410394 294753 147974 16638
Core 0 (first C file)

7709392 3320264 4256704 8513408 331844 4389136 564 764202 314718 156033 24334
7709392 3320264 4256704 8513408 331844 4389136 564 764202 314718 156033 24334
7709414 3320286 4256704 8513408 331844 4389136 564 764202 314718 156033 24334
CORE 0 (second C file)

7802396 3367061 4301029 8602058 340620 4435343 633 768961 318853 164839 32770
7802369 3367034 4301029 8602058 340620 4435343 633 768961 318853 164839 32770
7802391 3367056 4301029 8602058 340620 4435343 633 768961 318853 164839 32770
CORE 0 (third C file)

3855072 1828577 1853702 3707404 910052 2026503 845 376055 60492 267002 40290
3855045 1828550 1853702 3707404 910052 2026503 845 376055 60492 267002 40290
3855067 1828572 1853702 3707404 910052 2026503 845 376055 60492 267002 40290
Core 1 (first C file)



CORE 1 (second C file)



CORE 1 (third C file)
