3353145 2287185 1004843 2009686 36805 1065968 428 410394 294753 154883 23514
3352890 2286930 1004843 2009686 36805 1065968 428 410394 294753 154883 23512
3353005 2287045 1004843 2009686 36805 1065968 428 410394 294753 154883 23511
Core 0 (first C file)
6244920 3209510 2820671 5641342 946926 3035418 943 786482 355244 402753 44560
6244920 3209510 2820671 5641342 946926 3035418 943 786482 355244 402753 44560
6245035 3209625 2820671 5641342 946926 3035418 943 786482 355244 402753 44559
CORE 0 (second C file)
3665860 285648 3289734 6579468 294970 3380220 462 353775 19972 20282 20011
3666325 286113 3289734 6579468 294970 3380220 462 353775 19972 20282 20011
3666440 286228 3289734 6579468 294970 3380220 462 353775 19972 20282 20011
CORE 1 (first C file)
3792800 366443 3334000 6668000 303737 3426365 538 358531 24110 29079 28478
3792800 366443 3334000 6668000 303737 3426365 538 358531 24110 29079 28478
3792915 366558 3334000 6668000 303737 3426365 538 358531 24110 29079 28478
CORE 1 (second C file)
