3336654 2303739 982807 1965614 36802 1032923 425 410393 297553 143872 12535
3336689 2303774 982807 1965614 36802 1032923 425 410393 297553 143872 12535
3336710 2303795 982807 1965614 36802 1032923 425 410393 297553 143872 12535
Core 0 (first C file)
3430190 2351201 1027002 2054004 45509 1078997 501 415123 301686 152645 20958
3430190 2351201 1027002 2054004 45509 1078997 501 415123 301686 152645 20958
3430211 2351222 1027002 2054004 45509 1078997 501 415123 301686 152645 20958
CORE 0 (second C file)
3719818 306540 3311790 6623580 294976 3413286 465 353777 16836 31296 31037
3719853 306575 3311790 6623580 294976 3413286 465 353777 16836 31296 31037
3719874 306596 3311790 6623580 294976 3413286 465 353777 16836 31296 31037
CORE 1 (first C file)
6586856 1204077 5127670 10255340 1205154 5382787 980 729890 77270 279187 52189
6586856 1204077 5127670 10255340 1205154 5382787 980 729890 77270 279187 52189
6586877 1204098 5127670 10255340 1205154 5382787 980 729890 77270 279187 52189
CORE 1 (second C file)
