4274017 3253421 974583 1949166 36796 1020604 427 410391 294873 139773 8485
4273371 3252775 974583 1949166 36796 1020604 427 410391 294873 139773 8485
4273955 3253359 974583 1949166 36796 1020604 427 410391 294873 139773 8485
Core 0 (first C file)
7753771 3389300 4240243 8480486 331832 4364479 566 764198 314845 147829 16186
7753771 3389300 4240243 8480486 331832 4364479 566 764198 314845 147829 16186
7754319 3389848 4240243 8480486 331832 4364479 566 764198 314845 147829 16186
CORE 0 (second C file)



CORE 0 (third C file)
3955104 1928588 1853722 3707444 910055 2026524 845 376056 60492 267005 40309
3956157 1929641 1853722 3707444 910055 2026524 845 376056 60492 267005 40308
3955042 1928526 1853722 3707444 910055 2026524 845 376056 60492 267005 40309
Core 1 (first C file)



CORE 1 (second C file)



CORE 1 (third C file)
307827 237773 60014 120028 8632 70062 401 4695 4138 16891 16684
307919 237865 60014 120028 8632 70062 401 4695 4138 16891 16685
307835 237781 60014 120028 8632 70062 401 4695 4138 16891 16685
Core 2 (first C file)



CORE 2 (second C file)



CORE 2 (third C file)
