4253013 3232417 974583 1949166 36796 1020604 427 410391 294873 139773 8439
4253015 3232419 974583 1949166 36796 1020604 427 410391 294873 139773 8439
4252993 3232397 974583 1949166 36796 1020604 427 410391 294873 139773 8439
Core 0 (first C file)

7733888 3369417 4240243 8480486 331832 4364479 566 764198 314845 147829 16140
7733888 3369417 4240243 8480486 331832 4364479 566 764198 314845 147829 16140
7733866 3369395 4240243 8480486 331832 4364479 566 764198 314845 147829 16140
CORE 0 (second C file)

3915000 1863887 1870126 3740252 910058 2051121 845 376057 60469 275200 48471
3915002 1863889 1870126 3740252 910058 2051121 845 376057 60469 275200 48471
3914980 1863867 1870126 3740252 910058 2051121 845 376057 60469 275200 48471
Core 1 (first C file)

4056781 1959596 1914319 3828638 918754 2097193 918 380782 64602 283970 56968
4056781 1959596 1914319 3828638 918754 2097193 918 380782 64602 283970 56968
4056759 1959574 1914319 3828638 918754 2097193 918 380782 64602 283970 56968
CORE 1 (second C file)
