3842282 429004 3311790 6623580 294976 3413286 465 353777 16836 31296 31056
3842051 428773 3311790 6623580 294976 3413286 465 353777 16836 31296 31060
3842174 428896 3311790 6623580 294976 3413286 465 353777 16836 31296 31057
Core 0 (first C file)
6709047 1326268 5127670 10255340 1205154 5382787 980 729890 77270 279187 52212
6709047 1326268 5127670 10255340 1205154 5382787 980 729890 77270 279187 52212
6709132 1326353 5127670 10255340 1205154 5382787 980 729890 77270 279187 52209
CORE 0 (second C file)



CORE 0 (third C file)
314405 244330 60034 120068 8635 70083 404 4696 4138 16894 16689
314424 244349 60034 120068 8635 70083 404 4696 4138 16894 16689
314516 244441 60034 120068 8635 70083 404 4696 4138 16894 16689
Core 1 (first C file)



CORE 1 (second C file)



CORE 1 (third C file)
3385034 2376755 966366 1932732 36793 1008287 427 410390 298002 135671 4386
3385058 2376779 966366 1932732 36793 1008287 427 410390 298002 135671 4385
3384926 2376647 966366 1932732 36793 1008287 427 410390 298002 135671 4386
Core 2 (first C file)



CORE 2 (second C file)



CORE 2 (third C file)
