4386173 3353216 982847 1965694 36808 1032965 428 410395 297553 143878 12546
4386268 3353311 982847 1965694 36808 1032965 428 410395 297553 143878 12544
4386186 3353229 982847 1965694 36808 1032965 428 410395 297553 143878 12546
Core 0 (first C file)
4479027 3399996 1027042 2054084 45515 1079039 501 415125 301686 152651 20965
4479027 3399996 1027042 2054084 45515 1079039 501 415125 301686 152651 20965
4478944 3399913 1027042 2054084 45515 1079039 501 415125 301686 152651 20967
CORE 0 (second C file)



CORE 0 (third C file)
3698440 342864 3273293 6546586 294961 3355584 464 353772 19966 12081 11871
3697836 342260 3273293 6546586 294961 3355584 464 353772 19966 12081 11871
3698453 342877 3273293 6546586 294961 3355584 464 353772 19966 12081 11871
Core 1 (first C file)



CORE 1 (second C file)



CORE 1 (third C file)
4002477 1975961 1853722 3707444 910055 2026524 845 376056 60492 267005 40292
4000678 1974162 1853722 3707444 910055 2026524 845 376056 60492 267005 40291
4002490 1975974 1853722 3707444 910055 2026524 845 376056 60492 267005 40292
Core 2 (first C file)



CORE 2 (second C file)



CORE 2 (third C file)
